################################################
# ITK-SnAP Label Description File
# File format: 
# IDX   -R-  -G-  -B-  -A--  VIS MSH  LABEL
# Fields: 
#    IDX:   Zero-based index 
#    -R-:   Red color component (0..255)
#    -G-:   Green color component (0..255)
#    -B-:   Blue color component (0..255)
#    -A-:   Label transparency (0.00 .. 1.00)
#    VIS:   Label visibility (0 or 1)
#    IDX:   Label mesh visibility (0 or 1)
#  LABEL:   Label description 
################################################
    0     0    0    0        0  0  0    "Clear Label"
    1   170  170  170        1  1  1    "???"
    2   145  169  221        1  1  1    "VV_175"
    3   110    0  119        1  1  1    "VV_178"
    4    54  160  255        1  1  1    "VV_123"
    5   133   58  214        1  1  1    "VV_124"
    6     0   81  158        1  1  1    "VV_167"
    7   125  125  255        1  1  1    "VV_163"
    8    84    7  147        1  1  1    "VV_128"
    9     0   46   94        1  1  1    "VV_168"
   10    59    0  142        1  1  1    "VV_120"
   11    50  178  163        1  1  1    "VV_131"
   12    68   41  109        1  1  1    "VV_130"
   13   142   62  215        1  1  1    "VV_176"
   14    57  177  179        1  1  1    "VV_126"
   15   227   57  125        1  1  1    "VV_4"
   16   199   94  102        1  1  1    "VV_133"
   17   191   60  125        1  1  1    "VV_6"
   18   164   64  125        1  1  1    "VV_7"
   19   199    0  247        1  1  1    "VV_122"
   20   126  217  148        1  1  1    "VV_121"
   21    10  229  255        1  1  1    "VV_166"
   22    90   60  125        1  1  1    "VV_5"
   23   159   55  125        1  1  1    "VV_1"
   24   199    0   54        1  1  1    "VV_134"
   25    54    0   49        1  1  1    "VV_125"
   26   125  235  235        1  1  1    "VV_135"
   27    72   58  125        1  1  1    "VV_66"
   28    19  151  173        1  1  1    "VV_162"
   29   106    0  147        1  1  1    "VV_129"
   30    94   71  184        1  1  1    "VV_62"
   31    60   70  125        1  1  1    "VV_8"
   32   139   93  184        1  1  1    "VV_51"
   33   109   51  158        1  1  1    "VV_11"
   34    77   70  150        1  1  1    "VV_9"
   35    81  129  206        1  1  1    "VV_173"
   36    27   94  235        1  1  1    "VV_177"
   37   135   52  102        1  1  1    "VV_132"
   38   124   95  177        1  1  1    "VV_63"
   39   166   75  125        1  1  1    "VV_61"
   40     0  186  193        1  1  1    "VV_174"
   41   119   45   94        1  1  1    "VV_65"
   42   184   49   96        1  1  1    "VV_59"
   43   137   43  125        1  1  1    "VV_52"
   44   192  120    0        1  1  1    "VV_110"
   45     0   49  164        1  1  1    "VV_179"
   46     3    0   39        1  1  1    "VV_144"
   47   118   52  219        1  1  1    "VV_64"
   48   157   53  125        1  1  1    "VV_60"
   49   255  138    3        1  1  1    "VV_109"
   50   255  191  140        1  1  1    "VV_106"
   51   255  158   33        1  1  1    "VV_104"
   52   219   68    0        1  1  1    "VV_107"
   53   255   75    0        1  1  1    "VV_108"
   54    53   19  125        1  1  1    "VV_137"
   55   204  134  251        1  1  1    "VV_13"
   56   217  118  170        1  1  1    "VV_3"
   57   206  144  199        1  1  1    "VV_53"
   58   236  175  139        1  1  1    "VV_105"
   59   102    0  114        1  1  1    "VV_180"
   60   159   55  125        1  1  1    "VV_10"
   61   188   41  109        1  1  1    "VV_ai1"
   62   207  151  176        1  1  1    "VV_12"
   63    82   48  116        1  1  1    "VV_16"
   64   235  214   23        1  1  1    "VV_BA17"
   65   255  221  103        1  1  1    "VV_117"
   66   161  221  255        1  1  1    "VV_181"
   67   229  125  199        1  1  1    "VV_ai2"
   68    49  178  216        1  1  1    "VV_136"
   69   133  101  130        1  1  1    "VV_21"
   70   209  141   64        1  1  1    "VV_103"
   71    64  226  255        1  1  1    "VV_164"
   72   107  111  202        1  1  1    "VV_143"
   73   255   81    0        1  1  1    "VV_118"
   74   197  102  118        1  1  1    "VV_142"
   75    71  154   76        1  1  1    "VV_ai7"
   76    91  217  162        1  1  1    "VV_ai6"
   77     0  107  175        1  1  1    "VV_165"
   78    17   22  244        1  1  1    "VV_141"
   79   223  103  159        1  1  1    "VV_15"
   80   255  101  165        1  1  1    "VV_17"
   81   148  107  201        1  1  1    "VV_25"
   82   196   91  177        1  1  1    "VV_58"
   83   159   86  158        1  1  1    "VV_2"
   84   172   36  112        1  1  1    "VV_182"
   85   125  205  225        1  1  1    "VV_140"
   86   197  102  118        1  1  1    "VV_14"
   87   144  207  199        1  1  1    "VV_97"
   88     0   81   90        1  1  1    "VV_139"
   89   125  170   64        1  1  1    "VV_100"
   90   142   80  100        1  1  1    "VV_50"
   91    95  232  213        1  1  1    "VV_102"
   92     0  132  255        1  1  1    "VV_169"
   93     0   47   74        1  1  1    "VV_149"
   94   221  170    0        1  1  1    "VV_116"
   95     0   60  127        1  1  1    "VV_145"
   96    89  192  198        1  1  1    "VV_138"
   97     0  164  153        1  1  1    "VV_101"
   98   204  139  111        1  1  1    "VV_41"
   99   255  139  196        1  1  1    "VV_56"
  100     1  255  179        1  1  1    "VV_99"
  101     0  130  121        1  1  1    "VV_98"
  102   170  255    0        1  1  1    "VV_91"
  103     0  177  194        1  1  1    "VV_170"
  104     0   74   86        1  1  1    "VV_146"
  105   148  184   89        1  1  1    "VV_147"
  106    74  222  176        1  1  1    "VV_94"
  107     0   81  151        1  1  1    "VV_171"
  108     0   61  112        1  1  1    "VV_158"
  109   131   55   82        1  1  1    "VV_33"
  110    61  232  206        1  1  1    "VV_159"
  111   214  190  245        1  1  1    "VV_49"
  112   114  146   61        1  1  1    "VV_76"
  113    41  216  199        1  1  1    "VV_155"
  114   143   64  101        1  1  1    "VV_47"
  115   176  101  222        1  1  1    "VV_30"
  116     0  176  117        1  1  1    "VV_84"
  117     0  172  158        1  1  1    "VV_150"
  118    94  130  159        1  1  1    "VV_154"
  119    49  149   91        1  1  1    "VV_148"
  120     0  125  164        1  1  1    "VV_151"
  121   253  125  216        1  1  1    "VV_18"
  122   222  220   26        1  1  1    "VV_119"
  123   255  255  119        1  1  1    "VV_115"
  124     0  120  154        1  1  1    "VV_161"
  125    26  138  105        1  1  1    "VV_172"
  126    31  155  192        1  1  1    "VV_156"
  127   147  255  185        1  1  1    "VV_68"
  128   219  116  187        1  1  1    "VV_57"
  129     0  125   87        1  1  1    "VV_153"
  130   255  125  194        1  1  1    "VV_26"
  131   255  215  148        1  1  1    "VV_113"
  132    16  183  165        1  1  1    "VV_152"
  133    94    0   54        1  1  1    "VV_22"
  134   230   89  146        1  1  1    "VV_40"
  135   180  255  115        1  1  1    "VV_90"
  136    38  129  183        1  1  1    "VV_157"
  137     6  191  195        1  1  1    "VV_72"
  138     0  161   34        1  1  1    "VV_88"
  139    82  169  211        1  1  1    "VV_160"
  140   121  211   79        1  1  1    "VV_70"
  141   175   85  128        1  1  1    "VV_54"
  142   219  165    0        1  1  1    "VV_114"
  143   234   64  142        1  1  1    "VV_38"
  144   187   39   78        1  1  1    "VV_34"
  145   125  216  179        1  1  1    "VV_85"
  146    92  240  162        1  1  1    "VV_67"
  147   165   58   99        1  1  1    "VV_43"
  148    64  208  167        1  1  1    "VV_89"
  149    99  161   56        1  1  1    "VV_69"
  150   255  199    0        1  1  1    "VV_112"
  151   176   72  148        1  1  1    "VV_23"
  152   180  120  159        1  1  1    "VV_48"
  153   127  102    0        1  1  1    "VV_111"
  154   192   79  160        1  1  1    "VV_55"
  155     0  107   92        1  1  1    "VV_81"
  156   168   86  139        1  1  1    "VV_46"
  157   164   69   90        1  1  1    "VV_35"
  158     0  125  143        1  1  1    "VV_92"
  159   104    0   95        1  1  1    "VV_20"
  160     0  106  111        1  1  1    "VV_93"
  161   206    0  111        1  1  1    "VV_19"
  162    64  227  185        1  1  1    "VV_96"
  163   255  125  125        1  1  1    "VV_27"
  164   221  118  145        1  1  1    "VV_36"
  165   125  255  125        1  1  1    "VV_78"
  166   255   52   89        1  1  1    "VV_24"
  167   125  233  125        1  1  1    "VV_95"
  168   169   86  184        1  1  1    "VV_44"
  169    54  183  162        1  1  1    "VV_80"
  170    48   92    0        1  1  1    "VV_79"
  171   125  213  156        1  1  1    "VV_82"
  172    64  154  114        1  1  1    "VV_71"
  173   255    0  114        1  1  1    "VV_31"
  174    12   76    9        1  1  1    "VV_86"
  175   195    7  167        1  1  1    "VV_32"
  176   255   79  155        1  1  1    "VV_45"
  177    11   92   36        1  1  1    "VV_83"
  178   251   91  161        1  1  1    "VV_39"
  179   125    0    0        1  1  1    "VV_28"
  180   182   55  173        1  1  1    "VV_37"
  181   127  209   93        1  1  1    "VV_87"
  182   236  124  146        1  1  1    "VV_42"
  183   169  192  125        1  1  1    "VV_75"
  184     5   25  126        1  1  1    "VV_127"
  185   252  220  125        1  1  1    "VV_BA18"
